{
  "00": {
    "K": [
      [
        2561.49169921875,
        0.0,
        987.9679565429688
      ],
      [
        0.0,
        2567.723876953125,
        1212.695556640625
      ],
      [
        0.0,
        0.0,
        1.0
      ]
    ],
    "D": [
      -0.2527428865432739,
      3.237311363220215,
      -0.006026030518114567,
      0.002860839245840907,
      -26.53213882446289
    ],
    "RT": [
      [
        -0.9908230259026575,
        -0.12519909820141897,
        0.050940522136132545,
        0.010571515648252818
      ],
      [
        -0.07684525737600739,
        0.8318150022255676,
        0.5497077427475974,
        -1.859494902584522
      ],
      [
        -0.11119594309111189,
        0.5407485440406018,
        -0.8338024111069959,
        2.720045469812277
      ],
      [
        0.0,
        0.0,
        0.0,
        1.0
      ]
    ],
    "Color_Calibration": [
      [
        -0.0024607802187372884,
        1.6122846628574778,
        5.623818630205758
      ],
      [
        -0.0027140572835648385,
        1.631009496300861,
        10.703358840852125
      ],
      [
        -0.002665463342104434,
        1.6584682031640432,
        5.031962268556765
      ]
    ]
  },
  "01": {
    "K": [
      [
        2546.853759765625,
        0.0,
        1000.8209838867188
      ],
      [
        0.0,
        2551.870361328125,
        1263.5570068359375
      ],
      [
        0.0,
        0.0,
        1.0
      ]
    ],
    "D": [
      -0.1279444396495819,
      0.18566593527793884,
      -0.002006945898756385,
      0.0024527607019990683,
      -0.25252094864845276
    ],
    "RT": [
      [
        -0.9955360048718438,
        -0.0921323045042047,
        0.020482983443300667,
        0.011506067506238258
      ],
      [
        -0.08144596946751018,
        0.948277077683461,
        0.3068173340974628,
        -0.9193983518901376
      ],
      [
        -0.04769139332618914,
        0.3037794985727936,
        -0.9515479020520544,
        2.952759161565099
      ],
      [
        0.0,
        0.0,
        0.0,
        1.0
      ]
    ],
    "Color_Calibration": [
      [
        -0.0026492858660921177,
        1.685896632762943,
        3.771331171574567
      ],
      [
        -0.0026887856764243297,
        1.639455394554012,
        12.428843227823728
      ],
      [
        -0.0024295839287911646,
        1.6002356756314784,
        9.464868488520255
      ]
    ]
  },
  "02": {
    "K": [
      [
        2481.500244140625,
        0.0,
        1016.94677734375
      ],
      [
        0.0,
        2487.406494140625,
        1292.338134765625
      ],
      [
        0.0,
        0.0,
        1.0
      ]
    ],
    "D": [
      -0.16774262487888336,
      0.4873327612876892,
      0.0009220821666531265,
      0.0027082671876996756,
      -0.8210111260414124
    ],
    "RT": [
      [
        -0.9993374164881645,
        -0.027029095380571674,
        0.024376419806840646,
        0.013805605510452292
      ],
      [
        -0.027153687981113932,
        0.9996197553900135,
        -0.004793646423768617,
        0.0008260087353562096
      ],
      [
        -0.024237571150002746,
        -0.005452440126158561,
        -0.9996914285812117,
        2.8610531030176625
      ],
      [
        0.0,
        0.0,
        0.0,
        1.0
      ]
    ],
    "Color_Calibration": [
      [
        -0.002426866359337328,
        1.6344295959540756,
        3.3326229386095463
      ],
      [
        -0.002613099486515252,
        1.6258348617742786,
        10.053286002196979
      ],
      [
        -0.0023591435528611464,
        1.5956536337782528,
        6.830602090891613
      ]
    ]
  },
  "03": {
    "K": [
      [
        2558.166259765625,
        0.0,
        993.9329833984375
      ],
      [
        0.0,
        2562.953857421875,
        1202.9515380859375
      ],
      [
        0.0,
        0.0,
        1.0
      ]
    ],
    "D": [
      -0.2590484321117401,
      4.422082901000977,
      -0.005866135470569134,
      -0.00016598630463704467,
      -39.2926025390625
    ],
    "RT": [
      [
        -0.9236186897939516,
        0.20822315745501377,
        -0.3218256499928961,
        1.0468960023579243
      ],
      [
        -0.011679950948008756,
        0.8239123165373361,
        0.5665969336083939,
        -1.8553878860491213
      ],
      [
        0.38313464200186725,
        0.5270784133828587,
        -0.75854881789555,
        2.4957120331729223
      ],
      [
        0.0,
        0.0,
        0.0,
        1.0
      ]
    ],
    "Color_Calibration": [
      [
        -0.0026909743640437067,
        1.7314157623505557,
        -16.111721533801216
      ],
      [
        -0.002818821079366538,
        1.7189783509138474,
        -7.645038215672513
      ],
      [
        -0.0028636048141825196,
        1.7585642566197015,
        -11.355853158977382
      ]
    ]
  },
  "04": {
    "K": [
      [
        2540.1220703125,
        0.0,
        1004.0263061523438
      ],
      [
        0.0,
        2546.9443359375,
        1231.857177734375
      ],
      [
        0.0,
        0.0,
        1.0
      ]
    ],
    "D": [
      -0.13443616032600403,
      0.5320014357566833,
      -0.0005623491597361863,
      0.0026183773297816515,
      -1.569331169128418
    ],
    "RT": [
      [
        -0.9350437399658306,
        0.10531607514307417,
        -0.3385289588272678,
        1.1506804652395388
      ],
      [
        -0.003655554637046616,
        0.9519453729978709,
        0.3062461908173799,
        -0.9133201593159856
      ],
      [
        0.3545137520883789,
        0.2875911018037264,
        -0.8897255566358341,
        2.7317162638165695
      ],
      [
        0.0,
        0.0,
        0.0,
        1.0
      ]
    ],
    "Color_Calibration": [
      [
        -0.0016932422522538204,
        1.2922172763070685,
        21.447751436366094
      ],
      [
        -0.0016434101987251022,
        1.22955397651595,
        30.936318167694
      ],
      [
        -0.001307520585319798,
        1.1417530709199553,
        30.802474521585328
      ]
    ]
  },
  "05": {
    "K": [
      [
        2478.34228515625,
        0.0,
        1051.681884765625
      ],
      [
        0.0,
        2484.361572265625,
        1297.6068115234375
      ],
      [
        0.0,
        0.0,
        1.0
      ]
    ],
    "D": [
      -0.2043886035680771,
      0.754429280757904,
      0.0005246928776614368,
      0.0027182460762560368,
      -1.3091204166412354
    ],
    "RT": [
      [
        -0.9180265244684752,
        -0.00863744802454026,
        -0.39642522501193816,
        1.1189187043678883
      ],
      [
        -0.0020342081295649447,
        0.9998523069122704,
        -0.0170743089048172,
        -0.01598185590804424
      ],
      [
        0.3965141434538135,
        -0.014868276678846671,
        -0.9179084310244771,
        2.6712348340733816
      ],
      [
        0.0,
        0.0,
        0.0,
        1.0
      ]
    ],
    "Color_Calibration": [
      [
        -0.001734397052872463,
        1.447733547474439,
        8.3973436690727
      ],
      [
        -0.0019747371735179646,
        1.4641290971385674,
        14.463183773743605
      ],
      [
        -0.001855892883061928,
        1.4721658240171436,
        9.209098272954154
      ]
    ]
  },
  "06": {
    "K": [
      [
        2553.8671875,
        0.0,
        990.5579833984375
      ],
      [
        0.0,
        2559.800537109375,
        1199.08837890625
      ],
      [
        0.0,
        0.0,
        1.0
      ]
    ],
    "D": [
      -0.34015682339668274,
      6.760725021362305,
      -0.004158484283834696,
      0.0025942998472601175,
      -55.76022720336914
    ],
    "RT": [
      [
        -0.7403664616019761,
        0.3531420935566184,
        -0.5719689983757168,
        1.936406869790831
      ],
      [
        -0.03356505374260572,
        0.8304037361573772,
        0.556150535155312,
        -1.859135986204037
      ],
      [
        0.6713653289997534,
        0.43095334077322583,
        -0.6029497024027556,
        1.9034923927830956
      ],
      [
        0.0,
        0.0,
        0.0,
        1.0
      ]
    ],
    "Color_Calibration": [
      [
        -0.0014679271374479338,
        1.2743496363508453,
        15.203543750090155
      ],
      [
        -0.0018470506843791738,
        1.3517062903274124,
        17.61471647369079
      ],
      [
        -0.0015205264734414205,
        1.2941587219929307,
        16.009991843340188
      ]
    ]
  },
  "07": {
    "K": [
      [
        2539.649658203125,
        0.0,
        1007.7904663085938
      ],
      [
        0.0,
        2547.197021484375,
        1262.333984375
      ],
      [
        0.0,
        0.0,
        1.0
      ]
    ],
    "D": [
      -0.13702405989170074,
      0.652691662311554,
      0.0016861754702404141,
      0.002039940096437931,
      -1.632302165031433
    ],
    "RT": [
      [
        -0.7257692459912586,
        0.19320688257822613,
        -0.6602501160334029,
        2.1019773790255107
      ],
      [
        -0.03410128838011267,
        0.9484680713813098,
        0.31503245765882354,
        -0.9106383686997886
      ],
      [
        0.687092596442988,
        0.2511562327682041,
        -0.6817803579912002,
        2.098422216975675
      ],
      [
        0.0,
        0.0,
        0.0,
        1.0
      ]
    ],
    "Color_Calibration": [
      [
        -0.0019443925583877946,
        1.4891257110010685,
        11.16616329056249
      ],
      [
        -0.002360668785146987,
        1.5511996437680964,
        14.31217773134059
      ],
      [
        -0.0020461286408828797,
        1.4931039692116599,
        12.95209178005896
      ]
    ]
  },
  "08": {
    "K": [
      [
        2497.97119140625,
        0.0,
        1031.136474609375
      ],
      [
        0.0,
        2502.832275390625,
        1277.328857421875
      ],
      [
        0.0,
        0.0,
        1.0
      ]
    ],
    "D": [
      -0.18623584508895874,
      0.5418223738670349,
      -0.0008988077170215547,
      0.002243556547909975,
      -0.6075708270072937
    ],
    "RT": [
      [
        -0.7225865825753187,
        -0.008031869951032868,
        -0.6912339255428488,
        2.0618745462000785
      ],
      [
        -0.0363593005112519,
        0.9989900916389267,
        0.02640065039334338,
        -0.012170887613864645
      ],
      [
        0.6903237598337971,
        0.0442096140694458,
        -0.7221488225451745,
        2.0568980760875606
      ],
      [
        0.0,
        0.0,
        0.0,
        1.0
      ]
    ],
    "Color_Calibration": [
      [
        -0.00242657673531545,
        1.6213392127884934,
        3.6850428006032137
      ],
      [
        -0.002529928506776671,
        1.58839001859331,
        11.692164376479301
      ],
      [
        -0.002477487935784088,
        1.607416691243408,
        6.662561377931826
      ]
    ]
  },
  "09": {
    "K": [
      [
        2576.55517578125,
        0.0,
        972.0147705078125
      ],
      [
        0.0,
        2579.205078125,
        1237.2509765625
      ],
      [
        0.0,
        0.0,
        1.0
      ]
    ],
    "D": [
      -0.14391720294952393,
      0.6114950180053711,
      -0.005250816699117422,
      0.0011948207393288612,
      -2.835671901702881
    ],
    "RT": [
      [
        -0.4466479749528557,
        0.5276865121447193,
        -0.7225320907341981,
        2.5333011588221055
      ],
      [
        -0.051255009674261796,
        0.7911432450782514,
        0.6094795937227543,
        -1.8525641541259166
      ],
      [
        0.8932405701556095,
        0.3092562044451378,
        -0.3263159349963584,
        1.0211378241885896
      ],
      [
        0.0,
        0.0,
        0.0,
        1.0
      ]
    ],
    "Color_Calibration": [
      [
        -0.0017316736684818636,
        1.493440496369086,
        6.044969783849321
      ],
      [
        -0.002216517678244851,
        1.5216723665988374,
        12.266640534482336
      ],
      [
        -0.0022687257473495708,
        1.5384934248598678,
        7.217488140702437
      ]
    ]
  },
  "10": {
    "K": [
      [
        2537.326171875,
        0.0,
        1025.9471435546875
      ],
      [
        0.0,
        2545.159423828125,
        1253.6246337890625
      ],
      [
        0.0,
        0.0,
        1.0
      ]
    ],
    "D": [
      -0.1286049634218216,
      0.3905237317085266,
      0.0015056966803967953,
      0.0020046262070536613,
      -0.5245405435562134
    ],
    "RT": [
      [
        -0.37055317448318004,
        0.3185962624081939,
        -0.8724602756434918,
        2.744029193902302
      ],
      [
        -0.02237063615521527,
        0.9359960996888864,
        0.35129894802575334,
        -0.906268006675907
      ],
      [
        0.9285419369158925,
        0.14969243089002363,
        -0.33970903745220715,
        1.1398467128142045
      ],
      [
        0.0,
        0.0,
        0.0,
        1.0
      ]
    ],
    "Color_Calibration": [
      [
        -0.0022374001273668806,
        1.4980800502407867,
        10.292795647298911
      ],
      [
        -0.0022597050814492942,
        1.4694785929520824,
        18.13601236283673
      ],
      [
        -0.0018652622044495128,
        1.3917454762099053,
        16.807715480423045
      ]
    ]
  },
  "11": {
    "K": [
      [
        2504.13623046875,
        0.0,
        1016.0863647460938
      ],
      [
        0.0,
        2512.9267578125,
        1285.053955078125
      ],
      [
        0.0,
        0.0,
        1.0
      ]
    ],
    "D": [
      -0.14999470114707947,
      0.4380446970462799,
      0.0027658487670123577,
      0.004365622531622648,
      -0.47781074047088623
    ],
    "RT": [
      [
        -0.4584434205354399,
        0.0008465629089096726,
        -0.8887234262760494,
        2.6782262732049875
      ],
      [
        -0.031985264033215235,
        0.9993361363970197,
        0.01745137305169572,
        -0.0026959905438985743
      ],
      [
        0.8881480713254677,
        0.03642652569886071,
        -0.45811189495120946,
        1.0999188810051783
      ],
      [
        0.0,
        0.0,
        0.0,
        1.0
      ]
    ],
    "Color_Calibration": [
      [
        -0.0017684817776135553,
        1.4230938965978777,
        5.114415989258837
      ],
      [
        -0.002147988138851266,
        1.4807585240264536,
        8.641140727005073
      ],
      [
        -0.0019445339100352405,
        1.4574727592693475,
        4.783553284940497
      ]
    ]
  },
  "12": {
    "K": [
      [
        2567.945068359375,
        0.0,
        1000.3148193359375
      ],
      [
        0.0,
        2573.253662109375,
        1217.0704345703125
      ],
      [
        0.0,
        0.0,
        1.0
      ]
    ],
    "D": [
      -0.11544328182935715,
      0.7793961763381958,
      -0.0018706305418163538,
      0.00028623666730709374,
      -8.254847526550293
    ],
    "RT": [
      [
        -0.0411383615035519,
        0.5605947399699448,
        -0.827067857238837,
        2.7478986711130142
      ],
      [
        0.015036815163245459,
        0.8280221869242548,
        0.560493689610544,
        -1.8506987168507962
      ],
      [
        0.9990404020176605,
        0.010621403728060658,
        -0.042493040237607714,
        -0.02841631103087039
      ],
      [
        0.0,
        0.0,
        0.0,
        1.0
      ]
    ],
    "Color_Calibration": [
      [
        -0.001951486095066968,
        1.50417229652562,
        7.61600915025492
      ],
      [
        -0.00230123233732622,
        1.5481591814699116,
        10.618175067094644
      ],
      [
        -0.0018580612160646044,
        1.4577832590115545,
        11.578148322313629
      ]
    ]
  },
  "13": {
    "K": [
      [
        2526.11279296875,
        0.0,
        1037.9073486328125
      ],
      [
        0.0,
        2533.513916015625,
        1251.78662109375
      ],
      [
        0.0,
        0.0,
        1.0
      ]
    ],
    "D": [
      -0.1288607120513916,
      0.45690298080444336,
      0.0015931548550724983,
      0.0029530280735343695,
      -0.7258790135383606
    ],
    "RT": [
      [
        -0.046060796486320305,
        0.3426309201457883,
        -0.9383402195473886,
        2.968469889864111
      ],
      [
        -0.05080093368446846,
        0.9373182624624727,
        0.34475142939302134,
        -0.8904786825360486
      ],
      [
        0.9976460192770554,
        0.06354815013163377,
        -0.02576764797963018,
        -0.013749727953100255
      ],
      [
        0.0,
        0.0,
        0.0,
        1.0
      ]
    ],
    "Color_Calibration": [
      [
        -0.0020091130790582867,
        1.4342505162966628,
        11.27975961547434
      ],
      [
        -0.0022962789872766694,
        1.485141811073531,
        14.26345725134822
      ],
      [
        -0.001956952528571599,
        1.425567485934594,
        12.88446459180538
      ]
    ]
  },
  "14": {
    "K": [
      [
        2440.3935546875,
        0.0,
        1009.6015014648438
      ],
      [
        0.0,
        2458.285400390625,
        1230.675048828125
      ],
      [
        0.0,
        0.0,
        1.0
      ]
    ],
    "D": [
      -0.1126951202750206,
      0.2544960379600525,
      0.004283089656382799,
      0.0012993947602808475,
      -0.06883414089679718
    ],
    "RT": [
      [
        -0.037573491800727075,
        0.04369731575833546,
        -0.9983380207694337,
        2.862694053300331
      ],
      [
        -0.023077471463577835,
        0.9987391057167639,
        0.04458342857379747,
        -0.0008260087353564316
      ],
      [
        0.9990273329587832,
        0.0247142840765681,
        -0.036517688310295775,
        -0.009331954351893046
      ],
      [
        0.0,
        0.0,
        0.0,
        1.0
      ]
    ],
    "Color_Calibration": [
      [
        -0.001539622345933967,
        1.3488920582668054,
        12.999694295870489
      ],
      [
        -0.0016954520403728586,
        1.3594844191089768,
        18.35021827810846
      ],
      [
        -0.001422603639927195,
        1.3187722107422601,
        15.59483528897464
      ]
    ]
  },
  "15": {
    "K": [
      [
        2562.06494140625,
        0.0,
        986.01611328125
      ],
      [
        0.0,
        2565.35595703125,
        1211.15234375
      ],
      [
        0.0,
        0.0,
        1.0
      ]
    ],
    "D": [
      -0.2017766833305359,
      1.5859184265136719,
      -0.006171848624944687,
      0.00030366991995833814,
      -9.108010292053223
    ],
    "RT": [
      [
        0.35609295048854667,
        0.5293769453133846,
        -0.7700375830429126,
        2.5359120954924945
      ],
      [
        0.02140396811266239,
        0.819216998937429,
        0.573084204980918,
        -1.833995403009905
      ],
      [
        0.9342054420340009,
        -0.22055304761774255,
        0.2803865737655102,
        -1.0965273675560177
      ],
      [
        0.0,
        0.0,
        0.0,
        1.0
      ]
    ],
    "Color_Calibration": [
      [
        -0.0032322517206826453,
        1.8088505706566265,
        1.7633314603709838
      ],
      [
        -0.0034046759742300775,
        1.801256828667293,
        8.779406083374127
      ],
      [
        -0.003346453022188264,
        1.8367095321315317,
        1.266877679448207
      ]
    ]
  },
  "16": {
    "K": [
      [
        2544.7998046875,
        0.0,
        1007.2723999023438
      ],
      [
        0.0,
        2549.65673828125,
        1276.143310546875
      ],
      [
        0.0,
        0.0,
        1.0
      ]
    ],
    "D": [
      -0.1360519677400589,
      0.31528711318969727,
      -0.0020457503851503134,
      0.0018920409493148327,
      -0.3133021593093872
    ],
    "RT": [
      [
        0.36804741497377147,
        0.32574432032486605,
        -0.8708799238802006,
        2.7634815861280995
      ],
      [
        -0.022725612186876843,
        0.9394959477788393,
        0.34180528740368676,
        -0.8896342133912998
      ],
      [
        0.9295293592196334,
        -0.10600924653225417,
        0.35318188695692593,
        -1.1821288478141851
      ],
      [
        0.0,
        0.0,
        0.0,
        1.0
      ]
    ],
    "Color_Calibration": [
      [
        -0.0013950481344075826,
        1.3756930387341044,
        12.484592187928522
      ],
      [
        -0.0019080668738368728,
        1.4388455776013895,
        16.59779458597909
      ],
      [
        -0.0017117647579313411,
        1.4161791083815973,
        13.35601837103693
      ]
    ]
  },
  "17": {
    "K": [
      [
        2257.226806640625,
        0.0,
        1022.5755004882812
      ],
      [
        0.0,
        2309.68115234375,
        981.3657836914062
      ],
      [
        0.0,
        0.0,
        1.0
      ]
    ],
    "D": [
      -0.14929667115211487,
      1.0499433279037476,
      0.006029314827173948,
      -3.0162043913151138e-05,
      -2.322244882583618
    ],
    "RT": [
      [
        0.3464782378606179,
        -0.03785047310848414,
        -0.9372941735308032,
        2.4363570760135795
      ],
      [
        -0.0508091753548979,
        0.996961738995576,
        -0.05904201896767712,
        -0.06254741378437023
      ],
      [
        0.9366811535814513,
        0.06807997627339106,
        0.3435023225220481,
        -1.0273616408233046
      ],
      [
        0.0,
        0.0,
        0.0,
        1.0
      ]
    ],
    "Color_Calibration": [
      [
        -0.002112505617681589,
        1.4995988254216204,
        3.9626852967733055
      ],
      [
        -0.0022202454033242065,
        1.493479707668454,
        9.591026622165563
      ],
      [
        -0.001964516286627616,
        1.4533037187897468,
        7.548175151293442
      ]
    ]
  },
  "18": {
    "K": [
      [
        2573.791259765625,
        0.0,
        974.6288452148438
      ],
      [
        0.0,
        2575.242431640625,
        1236.5072021484375
      ],
      [
        0.0,
        0.0,
        1.0
      ]
    ],
    "D": [
      -0.19884009659290314,
      1.5028681755065918,
      -0.007406963035464287,
      -0.00046905543422326446,
      -7.940621376037598
    ],
    "RT": [
      [
        0.6959673798520325,
        0.40853685412403346,
        -0.5905314168996845,
        1.9374483842238128
      ],
      [
        0.02814867326688748,
        0.8062292230962501,
        0.5909336103502169,
        -1.8276849998677627
      ],
      [
        0.7175217274397953,
        -0.4278931448654331,
        0.5496092971259526,
        -1.9844545036884962
      ],
      [
        0.0,
        0.0,
        0.0,
        1.0
      ]
    ],
    "Color_Calibration": [
      [
        -0.0019624394673248844,
        1.5291975335772356,
        5.621330315424343
      ],
      [
        -0.0019272326954532283,
        1.4543878860565902,
        15.916107286287156
      ],
      [
        -0.0016475971015195506,
        1.3876281520118496,
        15.468097279115367
      ]
    ]
  },
  "19": {
    "K": [
      [
        2554.41357421875,
        0.0,
        1034.02685546875
      ],
      [
        0.0,
        2558.8388671875,
        1237.97119140625
      ],
      [
        0.0,
        0.0,
        1.0
      ]
    ],
    "D": [
      -0.1366601288318634,
      0.39673009514808655,
      -0.0020930084865540266,
      0.0021742661483585835,
      -0.6941185593605042
    ],
    "RT": [
      [
        0.6660688308040121,
        0.26643641361696135,
        -0.6966807926364063,
        2.113536136696754
      ],
      [
        -0.04559642504141299,
        0.9468232927107451,
        0.3185072047943683,
        -0.8804661358150078
      ],
      [
        0.7444953963776438,
        -0.18038158808013097,
        0.6427979998452171,
        -2.151304733652991
      ],
      [
        0.0,
        0.0,
        0.0,
        1.0
      ]
    ],
    "Color_Calibration": [
      [
        -0.0024701461902138103,
        1.6251462152081497,
        4.345760975529815
      ],
      [
        -0.002533586249552478,
        1.5859530170765652,
        11.88594643330511
      ],
      [
        -0.0024335095185000865,
        1.5869478177915877,
        8.577019480479711
      ]
    ]
  },
  "20": {
    "K": [
      [
        2346.431396484375,
        0.0,
        991.4703979492188
      ],
      [
        0.0,
        2379.53466796875,
        1106.78857421875
      ],
      [
        0.0,
        0.0,
        1.0
      ]
    ],
    "D": [
      -0.10307048261165619,
      0.38962993025779724,
      0.004763421602547169,
      0.00012757959484588355,
      -0.4040241539478302
    ],
    "RT": [
      [
        0.6840967522289114,
        0.036929834030593835,
        -0.7284558627850501,
        1.9391528428754916
      ],
      [
        -0.07531499872919742,
        0.9969555142972433,
        -0.02018702944671763,
        -0.018986966466008726
      ],
      [
        0.7254925138314656,
        0.06867357947539245,
        0.6847953489334561,
        -1.9613609761162016
      ],
      [
        0.0,
        0.0,
        0.0,
        1.0
      ]
    ],
    "Color_Calibration": [
      [
        -0.0024081589972776425,
        1.6088099771926727,
        5.745110413469362
      ],
      [
        -0.002672079230760513,
        1.6298002674644836,
        10.658170794587704
      ],
      [
        -0.002407374609463553,
        1.6014633369002536,
        8.497712037341653
      ]
    ]
  },
  "21": {
    "K": [
      [
        2555.58154296875,
        0.0,
        982.8828125
      ],
      [
        0.0,
        2561.951904296875,
        1200.2213134765625
      ],
      [
        0.0,
        0.0,
        1.0
      ]
    ],
    "D": [
      -0.3317210078239441,
      4.868703842163086,
      -0.00681708799675107,
      0.0023910210002213717,
      -34.74474334716797
    ],
    "RT": [
      [
        0.9188761358304166,
        0.20074313286513348,
        -0.33966022236370613,
        1.0380890509305896
      ],
      [
        0.020554139664355774,
        0.8353631833547253,
        0.5493141905470241,
        -1.817390236113327
      ],
      [
        0.3940106410070254,
        -0.5117330758774103,
        0.7634691870133791,
        -2.578763880655384
      ],
      [
        0.0,
        0.0,
        0.0,
        1.0
      ]
    ],
    "Color_Calibration": [
      [
        -0.002176183909693415,
        1.5119231950584278,
        5.395793285908851
      ],
      [
        -0.002248424531966697,
        1.4987428932542501,
        11.590140486597013
      ],
      [
        -0.0021190634602347887,
        1.4950865364468728,
        8.61499001498148
      ]
    ]
  },
  "22": {
    "K": [
      [
        2544.3896484375,
        0.0,
        1028.421630859375
      ],
      [
        0.0,
        2548.653564453125,
        1222.68798828125
      ],
      [
        0.0,
        0.0,
        1.0
      ]
    ],
    "D": [
      -0.15029948949813843,
      0.6194676756858826,
      -0.0024222824722528458,
      0.0015052789822220802,
      -1.5696831941604614
    ],
    "RT": [
      [
        0.9061883678695364,
        0.1655495700624027,
        -0.3891226895508732,
        1.1373752206862173
      ],
      [
        -0.04610343147240061,
        0.953376496009071,
        0.29824167973465165,
        -0.8622829331957326
      ],
      [
        0.42035407434390065,
        -0.25232318527117603,
        0.8715709708383107,
        -2.785664632482996
      ],
      [
        0.0,
        0.0,
        0.0,
        1.0
      ]
    ],
    "Color_Calibration": [
      [
        -0.0022023935808953054,
        1.501975807207567,
        9.834864744116215
      ],
      [
        -0.0023135100875795703,
        1.497196536793967,
        15.496775330364633
      ],
      [
        -0.0020923835295257307,
        1.4626601085549171,
        13.702349447842737
      ]
    ]
  },
  "23": {
    "K": [
      [
        2507.177001953125,
        0.0,
        1002.889892578125
      ],
      [
        0.0,
        2512.616455078125,
        1255.0926513671875
      ],
      [
        0.0,
        0.0,
        1.0
      ]
    ],
    "D": [
      -0.16234244406223297,
      0.4660160541534424,
      -0.0007945253164507449,
      0.0007438611937686801,
      -0.5433520674705505
    ],
    "RT": [
      [
        0.9177078097491687,
        0.05515332763483014,
        -0.3934091511419187,
        1.1216636859749534
      ],
      [
        -0.06579357265322745,
        0.9977405855300826,
        -0.013600460791580268,
        0.0275102741812987
      ],
      [
        0.3917701172474957,
        0.03836504139909511,
        0.9192630604447128,
        -2.711629532465501
      ],
      [
        0.0,
        0.0,
        0.0,
        1.0
      ]
    ],
    "Color_Calibration": [
      [
        -0.0023235066190912114,
        1.5890930823616953,
        2.3167233819165785
      ],
      [
        -0.0023915895740122613,
        1.5583069565522696,
        10.015668187582143
      ],
      [
        -0.0022085605251900716,
        1.5417961487812597,
        6.736483057532822
      ]
    ]
  },
  "24": {
    "K": [
      [
        2552.136474609375,
        0.0,
        963.179931640625
      ],
      [
        0.0,
        2558.864501953125,
        1168.8443603515625
      ],
      [
        0.0,
        0.0,
        1.0
      ]
    ],
    "D": [
      -0.1558167040348053,
      -0.33025938272476196,
      -0.007028436288237572,
      -0.000881621555890888,
      8.812586784362793
    ],
    "RT": [
      [
        0.9991222697167543,
        0.02201859721024194,
        -0.03564018321728409,
        -0.006190839295616063
      ],
      [
        0.001177932685263364,
        0.8356372435495483,
        0.5492807083499563,
        -1.8211099805330542
      ],
      [
        0.0418766149650598,
        -0.5488405146391148,
        0.8348776709524451,
        -2.778471968388169
      ],
      [
        0.0,
        0.0,
        0.0,
        1.0
      ]
    ],
    "Color_Calibration": [
      [
        -0.001982894944847574,
        1.467369067873334,
        3.9156288973059055
      ],
      [
        -0.0019578697187294268,
        1.4152610188835324,
        12.382290758483514
      ],
      [
        -0.0014985950131889117,
        1.3103494801283735,
        12.967617162294287
      ]
    ]
  },
  "25": {
    "K": [
      [
        2546.598876953125,
        0.0,
        1009.9581909179688
      ],
      [
        0.0,
        2550.99609375,
        1260.9412841796875
      ],
      [
        0.0,
        0.0,
        1.0
      ]
    ],
    "D": [
      -0.13854137063026428,
      0.3466952443122864,
      -0.0027665451634675264,
      0.0011860011145472527,
      -0.4291161894798279
    ],
    "RT": [
      [
        0.9999788572357191,
        0.001875337818533502,
        -0.006242796482819751,
        0.013147468476784163
      ],
      [
        8.24029226999071e-05,
        0.9540079174412744,
        0.29978188856864285,
        -0.8595718410242009
      ],
      [
        0.006517858083259011,
        -0.29977602592330244,
        0.9539875005342782,
        -3.009483997498895
      ],
      [
        0.0,
        0.0,
        0.0,
        1.0
      ]
    ],
    "Color_Calibration": [
      [
        -0.0026952784489625075,
        1.6669472362504303,
        3.3477181310691466
      ],
      [
        -0.002562066900226661,
        1.5808061499180976,
        13.834419266693605
      ],
      [
        -0.0022533724649260014,
        1.5222190403531526,
        12.334765466767308
      ]
    ]
  },
  "26": {
    "K": [
      [
        2412.23193359375,
        0.0,
        982.6939697265625
      ],
      [
        0.0,
        2430.229736328125,
        1149.220703125
      ],
      [
        0.0,
        0.0,
        1.0
      ]
    ],
    "D": [
      -0.13691329956054688,
      0.5388952493667603,
      0.001319312141276896,
      0.000791069061961025,
      -0.7603315114974976
    ],
    "RT": [
      [
        0.9981635105759321,
        0.0528857661197666,
        -0.029545267381826366,
        0.013805605510452243
      ],
      [
        -0.05393237805308244,
        0.9979017922274885,
        -0.03582779801252311,
        0.0008260087353564316
      ],
      [
        0.027588495053279174,
        0.03735551050260841,
        0.9989212860446172,
        -2.8128817459201794
      ],
      [
        0.0,
        0.0,
        0.0,
        1.0
      ]
    ],
    "Color_Calibration": [
      [
        -0.0021605441402456596,
        1.5081963054086265,
        2.313162649834094
      ],
      [
        -0.0021154447422952567,
        1.4471979963650379,
        11.5293601532285
      ],
      [
        -0.0019652412263469173,
        1.4390701785082372,
        8.32041812615157
      ]
    ]
  },
  "27": {
    "K": [
      [
        2543.252197265625,
        0.0,
        952.2227783203125
      ],
      [
        0.0,
        2548.630126953125,
        1167.5067138671875
      ],
      [
        0.0,
        0.0,
        1.0
      ]
    ],
    "D": [
      -0.16893133521080017,
      1.2198460102081299,
      -0.00887916050851345,
      -0.001734940567985177,
      -10.588162422180176
    ],
    "RT": [
      [
        0.9413086794109564,
        -0.16381955655914135,
        0.2951288577737139,
        -1.0502141077076808
      ],
      [
        -0.037594991436643646,
        0.8180127190167896,
        0.5739697540235094,
        -1.8290338346828845
      ],
      [
        -0.33544676122604494,
        -0.5513781782535955,
        0.7638439336992686,
        -2.577680991677975
      ],
      [
        0.0,
        0.0,
        0.0,
        1.0
      ]
    ],
    "Color_Calibration": [
      [
        -0.0021662132100229072,
        1.5246704727842866,
        7.289732308494204
      ],
      [
        -0.002381510307807581,
        1.5317938781509628,
        12.732485937994209
      ],
      [
        -0.002300184338924361,
        1.5462622264672288,
        8.873868165773535
      ]
    ]
  },
  "28": {
    "K": [
      [
        2569.52685546875,
        0.0,
        982.3594970703125
      ],
      [
        0.0,
        2571.063232421875,
        1218.11962890625
      ],
      [
        0.0,
        0.0,
        1.0
      ]
    ],
    "D": [
      -0.15610776841640472,
      0.5323050022125244,
      -0.004798111505806446,
      0.0021571971010416746,
      -1.0983014106750488
    ],
    "RT": [
      [
        0.946900547275714,
        -0.03206256736506468,
        0.3199240829890334,
        -1.1424780992118084
      ],
      [
        -0.07343880892200669,
        0.9471459765346181,
        0.3122839798531132,
        -0.8911271554537249
      ],
      [
        -0.31302741739569984,
        -0.31919668956074804,
        0.8944983820420547,
        -2.8092805226885793
      ],
      [
        0.0,
        0.0,
        0.0,
        1.0
      ]
    ],
    "Color_Calibration": [
      [
        -0.0021701390592926777,
        1.4949620015100331,
        7.238213231607917
      ],
      [
        -0.0022530179744302656,
        1.4805354790133227,
        15.019287141986176
      ],
      [
        -0.0016516125673372393,
        1.3548906620305687,
        15.293876616580842
      ]
    ]
  },
  "29": {
    "K": [
      [
        2258.001220703125,
        0.0,
        993.5802612304688
      ],
      [
        0.0,
        2322.52099609375,
        973.5418701171875
      ],
      [
        0.0,
        0.0,
        1.0
      ]
    ],
    "D": [
      -0.1481109857559204,
      0.9541782140731812,
      0.0035264347679913044,
      2.2567824998986907e-05,
      -1.8538579940795898
    ],
    "RT": [
      [
        0.9441678853726837,
        0.07736369858336967,
        0.3202527776106698,
        -0.9873823644985125
      ],
      [
        -0.061705301969960484,
        0.996362696233891,
        -0.058772651545520284,
        -0.0421450710096809
      ],
      [
        -0.3236347978881041,
        0.03572996334019373,
        0.9455073755397247,
        -2.467880298424434
      ],
      [
        0.0,
        0.0,
        0.0,
        1.0
      ]
    ],
    "Color_Calibration": [
      [
        -0.0023951915787210182,
        1.6165020838581878,
        4.9767778922282755
      ],
      [
        -0.0025968638852778723,
        1.6124270420254418,
        11.597160199613523
      ],
      [
        -0.002473349446580704,
        1.6182218423248342,
        6.779899988254887
      ]
    ]
  },
  "30": {
    "K": [
      [
        2559.0908203125,
        0.0,
        982.5465087890625
      ],
      [
        0.0,
        2564.14453125,
        1152.4403076171875
      ],
      [
        0.0,
        0.0,
        1.0
      ]
    ],
    "D": [
      -0.272461861371994,
      3.638265609741211,
      -0.007949477061629295,
      -0.0009215999161824584,
      -26.928314208984375
    ],
    "RT": [
      [
        0.7293776870102072,
        -0.392925012598104,
        0.5600164931131324,
        -1.9245212812071661
      ],
      [
        0.0071951546743681035,
        0.8229652475655733,
        0.5680469107912963,
        -1.8306769728383745
      ],
      [
        -0.6840738179392862,
        -0.41029119766701105,
        0.6030793706400134,
        -1.9754933905067324
      ],
      [
        0.0,
        0.0,
        0.0,
        1.0
      ]
    ],
    "Color_Calibration": [
      [
        -0.0019681501295258177,
        1.4189141012009623,
        10.069369789999742
      ],
      [
        -0.0019305726518256184,
        1.384865540618253,
        18.317988113791564
      ],
      [
        -0.001417945800148512,
        1.274036247138127,
        18.239154256436475
      ]
    ]
  },
  "31": {
    "K": [
      [
        2534.218505859375,
        0.0,
        1019.48388671875
      ],
      [
        0.0,
        2537.6376953125,
        1246.7945556640625
      ],
      [
        0.0,
        0.0,
        1.0
      ]
    ],
    "D": [
      -0.13668324053287506,
      0.3360078036785126,
      -0.002367080422118306,
      0.0016984812682494521,
      -0.38922247290611267
    ],
    "RT": [
      [
        0.7275860849488534,
        -0.17966584422706378,
        0.6620714841539755,
        -2.092987744151357
      ],
      [
        -0.06504830524389585,
        0.9426791444194423,
        0.3272991555915261,
        -0.8995689685865093
      ],
      [
        -0.682925564109668,
        -0.2812049748384031,
        0.6741932939544916,
        -2.1411630636171233
      ],
      [
        0.0,
        0.0,
        0.0,
        1.0
      ]
    ],
    "Color_Calibration": [
      [
        -0.0024353701460200932,
        1.563664438110135,
        2.993080098504421
      ],
      [
        -0.0023842735829458523,
        1.5205198302701237,
        10.858295919888352
      ],
      [
        -0.002055892451083087,
        1.4649668693888167,
        9.011213868178293
      ]
    ]
  },
  "32": {
    "K": [
      [
        2405.19921875,
        0.0,
        1017.4588012695312
      ],
      [
        0.0,
        2431.162841796875,
        1129.40966796875
      ],
      [
        0.0,
        0.0,
        1.0
      ]
    ],
    "D": [
      -0.10340975970029831,
      0.27338510751724243,
      0.0017189051723107696,
      0.0019168158760294318,
      -0.11575356125831604
    ],
    "RT": [
      [
        0.7187272876640072,
        -0.0052227014670213606,
        0.69527266517156,
        -1.9547680399866159
      ],
      [
        0.008840468266245795,
        0.9999596242661797,
        -0.0016272289093822324,
        -0.019415780256940574
      ],
      [
        -0.6952361276299213,
